#  i  iso   sp level      j iso   sp level        overlap f_ij
   1  1    -26.623512     1  1    -26.623512      1.000000
   2  1    -26.623512     2  1    -26.623512      1.000000
   3  1    -11.317252     3  1    -11.317252      1.000000
   4  1    -11.317252     4  1    -11.317252      1.000000
   5  1    -11.302825     5  1    -11.302825      1.000000
   6  1    -11.302825     6  1    -11.302825      1.000000
   7  1     -4.228309     7  1     -4.228309      1.000000
   8  1     -4.228309     8  1     -4.228309      1.000000
   1  1    -26.623512     2  2    -24.643786      0.999980
   2  1    -26.623512     1  2    -24.643786      0.999980
   3  1    -11.317252     4  2     -9.481487      0.999932
   4  1    -11.317252     3  2     -9.481487      0.999932
   5  1    -11.302825     6  2     -9.467108      0.999932
   5  1    -11.302825     8  2     -2.555813      0.000039
   6  1    -11.302825     5  2     -9.467108      0.999932
   6  1    -11.302825     7  2     -2.555813      0.000039
   7  1     -4.228309     7  2     -2.555813      0.999610
   8  1     -4.228309     8  2     -2.555813      0.999610
   1  2    -24.643786     2  1    -26.623512      0.999980
   2  2    -24.643786     1  1    -26.623512      0.999980
   3  2     -9.481487     4  1    -11.317252      0.999932
   4  2     -9.481487     3  1    -11.317252      0.999932
   5  2     -9.467108     6  1    -11.302825      0.999932
   6  2     -9.467108     5  1    -11.302825      0.999932
   7  2     -2.555813     6  1    -11.302825      0.000039
   7  2     -2.555813     7  1     -4.228309      0.999610
   8  2     -2.555813     5  1    -11.302825      0.000039
   8  2     -2.555813     8  1     -4.228309      0.999610
   1  2    -24.643786     1  2    -24.643786      1.000000
   2  2    -24.643786     2  2    -24.643786      1.000000
   3  2     -9.481487     3  2     -9.481487      1.000000
   4  2     -9.481487     4  2     -9.481487      1.000000
   5  2     -9.467108     5  2     -9.467108      1.000000
   6  2     -9.467108     6  2     -9.467108      1.000000
   7  2     -2.555813     7  2     -2.555813      1.000000
   8  2     -2.555813     8  2     -2.555813      1.000000