   1    2    2  -0.129243257849E+02
   1    2    4  -0.592482881360E+01
   1    2    6  -0.642081134204E+01
   1    4    4  -0.622179857689E+01
   1    4    6  -0.379370252321E+01
   1    6    6  -0.613789947031E+01
   2    1    1  -0.125228763164E+02
   2    1    3  -0.628347167307E+01
   2    1    5  -0.649776647050E+01
   2    3    3  -0.712468671543E+01
   2    3    5  -0.383218401145E+01
   2    5    5  -0.633432851913E+01
   1    1    1  -0.129243260554E+02
   1    1    3  -0.592482890552E+01
   1    1    6  -0.642081135510E+01
   1    3    3  -0.622179868791E+01
   1    3    6  -0.379370253644E+01
   1    6    6  -0.613789948428E+01
   2    2    2  -0.125228766247E+02
   2    2    3  -0.628347163896E+01
   2    2    6  -0.649776641793E+01
   2    3    3  -0.712468655352E+01
   2    3    6  -0.383218401949E+01
   2    6    6  -0.633432842031E+01
   1    1    1  -0.129243259645E+02
   1    1    4  -0.592482889967E+01
   1    1    5  -0.642081134943E+01
   1    4    4  -0.622179874669E+01
   1    4    5  -0.379370251001E+01
   1    5    5  -0.613789948393E+01
   2    2    2  -0.125228764560E+02
   2    2    3  -0.628347162615E+01
   2    2    6  -0.649776644189E+01
   2    3    3  -0.712468653883E+01
   2    3    6  -0.383218403060E+01
   2    6    6  -0.633432846239E+01
   1    1    1  -0.129243259341E+02
   1    1    3  -0.592482891127E+01
   1    1    5  -0.642081135915E+01
   1    3    3  -0.622179867921E+01
   1    3    5  -0.379370255017E+01
   1    5    5  -0.613789950236E+01
   2    2    2  -0.125228765138E+02
   2    2    3  -0.628347157381E+01
   2    2    6  -0.649776641548E+01
   2    3    3  -0.712468643320E+01
   2    3    6  -0.383218401699E+01
   2    6    6  -0.633432842636E+01
