Be-10

   1  1    -26.459202     1  1    -26.459202      1.000000
   2  1    -26.459202     2  1    -26.459202      1.000000
   3  1    -11.011964     3  1    -11.011964      1.000000
   4  1    -11.011964     4  1    -11.011964      1.000000
   5  1    -10.996531     5  1    -10.996531      1.000000
   6  1    -10.996531     6  1    -10.996531      1.000000
   7  1     -3.941574     7  1     -3.941574      1.000000
   8  1     -3.941574     8  1     -3.941574      1.000000
   1  1    -26.459202     1  2    -31.530350      0.999428
   2  1    -26.459202     2  2    -31.530350      0.999428
   3  1    -11.011964     3  2    -15.713319      0.998132
   4  1    -11.011964     4  2    -15.713319      0.998132
   5  1    -10.996531     6  2    -15.696588      0.998130
   5  1    -10.996531     8  2     -8.488562      0.000146
   6  1    -10.996531     5  2    -15.696588      0.998130
   6  1    -10.996531     7  2     -8.488562      0.000146
   7  1     -3.941574     8  2     -8.488562      0.989428
   8  1     -3.941574     7  2     -8.488562      0.989428
   1  2    -31.530350     1  1    -26.459202      0.999428
   2  2    -31.530350     2  1    -26.459202      0.999428
   3  2    -15.713319     3  1    -11.011964      0.998132
   4  2    -15.713319     4  1    -11.011964      0.998132
   5  2    -15.696588     6  1    -10.996531      0.998130
   6  2    -15.696588     5  1    -10.996531      0.998130
   7  2     -8.488562     6  1    -10.996531      0.000146
   7  2     -8.488562     8  1     -3.941574      0.989428
   8  2     -8.488562     5  1    -10.996531      0.000146
   8  2     -8.488562     7  1     -3.941574      0.989428
   1  2    -31.530350     1  2    -31.530350      1.000000
   2  2    -31.530350     2  2    -31.530350      1.000000
   3  2    -15.713319     3  2    -15.713319      1.000000
   4  2    -15.713319     4  2    -15.713319      1.000000
   5  2    -15.696588     5  2    -15.696588      1.000000
   6  2    -15.696588     6  2    -15.696588      1.000000
   7  2     -8.488562     7  2     -8.488562      1.000000
   8  2     -8.488562     8  2     -8.488562      1.000000
   9  2     -0.565164     9  2     -0.565164      1.000000
  10  2     -0.565164    10  2     -0.565164      1.000000
  11  2     -0.555927    11  2     -0.555927      1.000000
  12  2     -0.555927    12  2     -0.555927      1.000000
  13  2     -0.537664    13  2     -0.537664      1.000000
  14  2     -0.537664    14  2     -0.537664      1.000000


V0 (1) = 800.000
   1    -26.459202     2    -26.459202     1    -26.459202     2    -26.459202     1     12.861418
   1    -26.459202     2    -26.459202     2    -26.459202     1    -26.459202     1    -12.861418
   1    -26.459202     2    -26.459202     3    -11.011964     4    -11.011964     1     -5.890698
   1    -26.459202     2    -26.459202     4    -11.011964     3    -11.011964     1      5.890698
   1    -26.459202     2    -26.459202     5    -10.996531     6    -10.996531     1      5.895849
   1    -26.459202     2    -26.459202     6    -10.996531     5    -10.996531     1     -5.895849
   1    -26.459202     2    -26.459202     7     -3.941574     8     -3.941574     1      4.177900
   1    -26.459202     2    -26.459202     8     -3.941574     7     -3.941574     1     -4.177900
   2    -26.459202     1    -26.459202     1    -26.459202     2    -26.459202     1    -12.861418
   2    -26.459202     1    -26.459202     2    -26.459202     1    -26.459202     1     12.861418
   2    -26.459202     1    -26.459202     3    -11.011964     4    -11.011964     1      5.890698
   2    -26.459202     1    -26.459202     4    -11.011964     3    -11.011964     1     -5.890698
   2    -26.459202     1    -26.459202     5    -10.996531     6    -10.996531     1     -5.895849
   2    -26.459202     1    -26.459202     6    -10.996531     5    -10.996531     1      5.895849
   2    -26.459202     1    -26.459202     7     -3.941574     8     -3.941574     1     -4.177900
   2    -26.459202     1    -26.459202     8     -3.941574     7     -3.941574     1      4.177900
   3    -11.011964     4    -11.011964     1    -26.459202     2    -26.459202     1     -5.890698
   3    -11.011964     4    -11.011964     2    -26.459202     1    -26.459202     1      5.890698
   3    -11.011964     4    -11.011964     3    -11.011964     4    -11.011964     1      5.725214
   3    -11.011964     4    -11.011964     4    -11.011964     3    -11.011964     1     -5.725214
   3    -11.011964     4    -11.011964     5    -10.996531     6    -10.996531     1     -3.823805
   3    -11.011964     4    -11.011964     6    -10.996531     5    -10.996531     1      3.823805
   3    -11.011964     4    -11.011964     7     -3.941574     8     -3.941574     1     -3.746510
   3    -11.011964     4    -11.011964     8     -3.941574     7     -3.941574     1      3.746510
   4    -11.011964     3    -11.011964     1    -26.459202     2    -26.459202     1      5.890698
   4    -11.011964     3    -11.011964     2    -26.459202     1    -26.459202     1     -5.890698
   4    -11.011964     3    -11.011964     3    -11.011964     4    -11.011964     1     -5.725214
   4    -11.011964     3    -11.011964     4    -11.011964     3    -11.011964     1      5.725214
   4    -11.011964     3    -11.011964     5    -10.996531     6    -10.996531     1      3.823805
   4    -11.011964     3    -11.011964     6    -10.996531     5    -10.996531     1     -3.823805
   4    -11.011964     3    -11.011964     7     -3.941574     8     -3.941574     1      3.746510
   4    -11.011964     3    -11.011964     8     -3.941574     7     -3.941574     1     -3.746510
   5    -10.996531     6    -10.996531     1    -26.459202     2    -26.459202     1      5.895849
   5    -10.996531     6    -10.996531     2    -26.459202     1    -26.459202     1     -5.895849
   5    -10.996531     6    -10.996531     3    -11.011964     4    -11.011964     1     -3.823805
   5    -10.996531     6    -10.996531     4    -11.011964     3    -11.011964     1      3.823805
   5    -10.996531     6    -10.996531     5    -10.996531     6    -10.996531     1      5.714690
   5    -10.996531     6    -10.996531     6    -10.996531     5    -10.996531     1     -5.714690
   5    -10.996531     6    -10.996531     7     -3.941574     8     -3.941574     1      3.754868
   5    -10.996531     6    -10.996531     8     -3.941574     7     -3.941574     1     -3.754868
   6    -10.996531     5    -10.996531     1    -26.459202     2    -26.459202     1     -5.895849
   6    -10.996531     5    -10.996531     2    -26.459202     1    -26.459202     1      5.895849
   6    -10.996531     5    -10.996531     3    -11.011964     4    -11.011964     1      3.823805
   6    -10.996531     5    -10.996531     4    -11.011964     3    -11.011964     1     -3.823805
   6    -10.996531     5    -10.996531     5    -10.996531     6    -10.996531     1     -5.714690
   6    -10.996531     5    -10.996531     6    -10.996531     5    -10.996531     1      5.714690
   6    -10.996531     5    -10.996531     7     -3.941574     8     -3.941574     1     -3.754868
   6    -10.996531     5    -10.996531     8     -3.941574     7     -3.941574     1      3.754868
   7     -3.941574     8     -3.941574     1    -26.459202     2    -26.459202     1      4.177900
   7     -3.941574     8     -3.941574     2    -26.459202     1    -26.459202     1     -4.177900
   7     -3.941574     8     -3.941574     3    -11.011964     4    -11.011964     1     -3.746510
   7     -3.941574     8     -3.941574     4    -11.011964     3    -11.011964     1      3.746510
   7     -3.941574     8     -3.941574     5    -10.996531     6    -10.996531     1      3.754868
   7     -3.941574     8     -3.941574     6    -10.996531     5    -10.996531     1     -3.754868
   7     -3.941574     8     -3.941574     7     -3.941574     8     -3.941574     1      3.072901
   7     -3.941574     8     -3.941574     8     -3.941574     7     -3.941574     1     -3.072901
   8     -3.941574     7     -3.941574     1    -26.459202     2    -26.459202     1     -4.177900
   8     -3.941574     7     -3.941574     2    -26.459202     1    -26.459202     1      4.177900
   8     -3.941574     7     -3.941574     3    -11.011964     4    -11.011964     1      3.746510
   8     -3.941574     7     -3.941574     4    -11.011964     3    -11.011964     1     -3.746510
   8     -3.941574     7     -3.941574     5    -10.996531     6    -10.996531     1     -3.754868
   8     -3.941574     7     -3.941574     6    -10.996531     5    -10.996531     1      3.754868
   8     -3.941574     7     -3.941574     7     -3.941574     8     -3.941574     1     -3.072901
   8     -3.941574     7     -3.941574     8     -3.941574     7     -3.941574     1      3.072901
V0 (2) = 800.000
   1    -31.530350     2    -31.530350     1    -31.530350     2    -31.530350     2     11.853544
   1    -31.530350     2    -31.530350     2    -31.530350     1    -31.530350     2    -11.853544
   1    -31.530350     2    -31.530350     3    -15.713319     4    -15.713319     2     -6.230142
   1    -31.530350     2    -31.530350     4    -15.713319     3    -15.713319     2      6.230142
   1    -31.530350     2    -31.530350     5    -15.696588     6    -15.696588     2     -6.237393
   1    -31.530350     2    -31.530350     6    -15.696588     5    -15.696588     2      6.237393
   1    -31.530350     2    -31.530350     7     -8.488562     8     -8.488562     2     -4.997489
   1    -31.530350     2    -31.530350     8     -8.488562     7     -8.488562     2      4.997489
   1    -31.530350     2    -31.530350     9     -0.565164    10     -0.565164     2      2.895260
   1    -31.530350     2    -31.530350    10     -0.565164     9     -0.565164     2     -2.895260
   1    -31.530350     2    -31.530350    11     -0.555927    12     -0.555927     2     -2.886192
   1    -31.530350     2    -31.530350    12     -0.555927    11     -0.555927     2      2.886192
   1    -31.530350     2    -31.530350    13     -0.537664    14     -0.537664     2      2.877310
   1    -31.530350     2    -31.530350    14     -0.537664    13     -0.537664     2     -2.877310
   2    -31.530350     1    -31.530350     1    -31.530350     2    -31.530350     2    -11.853544
   2    -31.530350     1    -31.530350     2    -31.530350     1    -31.530350     2     11.853544
   2    -31.530350     1    -31.530350     3    -15.713319     4    -15.713319     2      6.230142
   2    -31.530350     1    -31.530350     4    -15.713319     3    -15.713319     2     -6.230142
   2    -31.530350     1    -31.530350     5    -15.696588     6    -15.696588     2      6.237393
   2    -31.530350     1    -31.530350     6    -15.696588     5    -15.696588     2     -6.237393
   2    -31.530350     1    -31.530350     7     -8.488562     8     -8.488562     2      4.997489
   2    -31.530350     1    -31.530350     8     -8.488562     7     -8.488562     2     -4.997489
   2    -31.530350     1    -31.530350     9     -0.565164    10     -0.565164     2     -2.895260
   2    -31.530350     1    -31.530350    10     -0.565164     9     -0.565164     2      2.895260
   2    -31.530350     1    -31.530350    11     -0.555927    12     -0.555927     2      2.886192
   2    -31.530350     1    -31.530350    12     -0.555927    11     -0.555927     2     -2.886192
   2    -31.530350     1    -31.530350    13     -0.537664    14     -0.537664     2     -2.877310
   2    -31.530350     1    -31.530350    14     -0.537664    13     -0.537664     2      2.877310
   3    -15.713319     4    -15.713319     1    -31.530350     2    -31.530350     2     -6.230142
   3    -15.713319     4    -15.713319     2    -31.530350     1    -31.530350     2      6.230142
   3    -15.713319     4    -15.713319     3    -15.713319     4    -15.713319     2      6.265508
   3    -15.713319     4    -15.713319     4    -15.713319     3    -15.713319     2     -6.265508
   3    -15.713319     4    -15.713319     5    -15.696588     6    -15.696588     2      4.184882
   3    -15.713319     4    -15.713319     6    -15.696588     5    -15.696588     2     -4.184882
   3    -15.713319     4    -15.713319     7     -8.488562     8     -8.488562     2      4.506257
   3    -15.713319     4    -15.713319     8     -8.488562     7     -8.488562     2     -4.506257
   3    -15.713319     4    -15.713319     9     -0.565164    10     -0.565164     2     -4.217558
   3    -15.713319     4    -15.713319    10     -0.565164     9     -0.565164     2      4.217558
   3    -15.713319     4    -15.713319    11     -0.555927    12     -0.555927     2      3.089168
   3    -15.713319     4    -15.713319    12     -0.555927    11     -0.555927     2     -3.089168
   3    -15.713319     4    -15.713319    13     -0.537664    14     -0.537664     2     -2.520561
   3    -15.713319     4    -15.713319    14     -0.537664    13     -0.537664     2      2.520561
   4    -15.713319     3    -15.713319     1    -31.530350     2    -31.530350     2      6.230142
   4    -15.713319     3    -15.713319     2    -31.530350     1    -31.530350     2     -6.230142
   4    -15.713319     3    -15.713319     3    -15.713319     4    -15.713319     2     -6.265508
   4    -15.713319     3    -15.713319     4    -15.713319     3    -15.713319     2      6.265508
   4    -15.713319     3    -15.713319     5    -15.696588     6    -15.696588     2     -4.184882
   4    -15.713319     3    -15.713319     6    -15.696588     5    -15.696588     2      4.184882
   4    -15.713319     3    -15.713319     7     -8.488562     8     -8.488562     2     -4.506257
   4    -15.713319     3    -15.713319     8     -8.488562     7     -8.488562     2      4.506257
   4    -15.713319     3    -15.713319     9     -0.565164    10     -0.565164     2      4.217558
   4    -15.713319     3    -15.713319    10     -0.565164     9     -0.565164     2     -4.217558
   4    -15.713319     3    -15.713319    11     -0.555927    12     -0.555927     2     -3.089168
   4    -15.713319     3    -15.713319    12     -0.555927    11     -0.555927     2      3.089168
   4    -15.713319     3    -15.713319    13     -0.537664    14     -0.537664     2      2.520561
   4    -15.713319     3    -15.713319    14     -0.537664    13     -0.537664     2     -2.520561
   5    -15.696588     6    -15.696588     1    -31.530350     2    -31.530350     2     -6.237393
   5    -15.696588     6    -15.696588     2    -31.530350     1    -31.530350     2      6.237393
   5    -15.696588     6    -15.696588     3    -15.713319     4    -15.713319     2      4.184882
   5    -15.696588     6    -15.696588     4    -15.713319     3    -15.713319     2     -4.184882
   5    -15.696588     6    -15.696588     5    -15.696588     6    -15.696588     2      6.255531
   5    -15.696588     6    -15.696588     6    -15.696588     5    -15.696588     2     -6.255531
   5    -15.696588     6    -15.696588     7     -8.488562     8     -8.488562     2      4.519346
   5    -15.696588     6    -15.696588     8     -8.488562     7     -8.488562     2     -4.519346
   5    -15.696588     6    -15.696588     9     -0.565164    10     -0.565164     2     -2.353281
   5    -15.696588     6    -15.696588    10     -0.565164     9     -0.565164     2      2.353281
   5    -15.696588     6    -15.696588    11     -0.555927    12     -0.555927     2      3.463005
   5    -15.696588     6    -15.696588    12     -0.555927    11     -0.555927     2     -3.463005
   5    -15.696588     6    -15.696588    13     -0.537664    14     -0.537664     2     -4.008688
   5    -15.696588     6    -15.696588    14     -0.537664    13     -0.537664     2      4.008688
   6    -15.696588     5    -15.696588     1    -31.530350     2    -31.530350     2      6.237393
   6    -15.696588     5    -15.696588     2    -31.530350     1    -31.530350     2     -6.237393
   6    -15.696588     5    -15.696588     3    -15.713319     4    -15.713319     2     -4.184882
   6    -15.696588     5    -15.696588     4    -15.713319     3    -15.713319     2      4.184882
   6    -15.696588     5    -15.696588     5    -15.696588     6    -15.696588     2     -6.255531
   6    -15.696588     5    -15.696588     6    -15.696588     5    -15.696588     2      6.255531
   6    -15.696588     5    -15.696588     7     -8.488562     8     -8.488562     2     -4.519346
   6    -15.696588     5    -15.696588     8     -8.488562     7     -8.488562     2      4.519346
   6    -15.696588     5    -15.696588     9     -0.565164    10     -0.565164     2      2.353281
   6    -15.696588     5    -15.696588    10     -0.565164     9     -0.565164     2     -2.353281
   6    -15.696588     5    -15.696588    11     -0.555927    12     -0.555927     2     -3.463005
   6    -15.696588     5    -15.696588    12     -0.555927    11     -0.555927     2      3.463005
   6    -15.696588     5    -15.696588    13     -0.537664    14     -0.537664     2      4.008688
   6    -15.696588     5    -15.696588    14     -0.537664    13     -0.537664     2     -4.008688
   7     -8.488562     8     -8.488562     1    -31.530350     2    -31.530350     2     -4.997489
   7     -8.488562     8     -8.488562     2    -31.530350     1    -31.530350     2      4.997489
   7     -8.488562     8     -8.488562     3    -15.713319     4    -15.713319     2      4.506257
   7     -8.488562     8     -8.488562     4    -15.713319     3    -15.713319     2     -4.506257
   7     -8.488562     8     -8.488562     5    -15.696588     6    -15.696588     2      4.519346
   7     -8.488562     8     -8.488562     6    -15.696588     5    -15.696588     2     -4.519346
   7     -8.488562     8     -8.488562     7     -8.488562     8     -8.488562     2      3.990190
   7     -8.488562     8     -8.488562     8     -8.488562     7     -8.488562     2     -3.990190
   7     -8.488562     8     -8.488562     9     -0.565164    10     -0.565164     2     -3.056352
   7     -8.488562     8     -8.488562    10     -0.565164     9     -0.565164     2      3.056352
   7     -8.488562     8     -8.488562    11     -0.555927    12     -0.555927     2      3.058785
   7     -8.488562     8     -8.488562    12     -0.555927    11     -0.555927     2     -3.058785
   7     -8.488562     8     -8.488562    13     -0.537664    14     -0.537664     2     -3.054458
   7     -8.488562     8     -8.488562    14     -0.537664    13     -0.537664     2      3.054458
   8     -8.488562     7     -8.488562     1    -31.530350     2    -31.530350     2      4.997489
   8     -8.488562     7     -8.488562     2    -31.530350     1    -31.530350     2     -4.997489
   8     -8.488562     7     -8.488562     3    -15.713319     4    -15.713319     2     -4.506257
   8     -8.488562     7     -8.488562     4    -15.713319     3    -15.713319     2      4.506257
   8     -8.488562     7     -8.488562     5    -15.696588     6    -15.696588     2     -4.519346
   8     -8.488562     7     -8.488562     6    -15.696588     5    -15.696588     2      4.519346
   8     -8.488562     7     -8.488562     7     -8.488562     8     -8.488562     2     -3.990190
   8     -8.488562     7     -8.488562     8     -8.488562     7     -8.488562     2      3.990190
   8     -8.488562     7     -8.488562     9     -0.565164    10     -0.565164     2      3.056352
   8     -8.488562     7     -8.488562    10     -0.565164     9     -0.565164     2     -3.056352
   8     -8.488562     7     -8.488562    11     -0.555927    12     -0.555927     2     -3.058785
   8     -8.488562     7     -8.488562    12     -0.555927    11     -0.555927     2      3.058785
   8     -8.488562     7     -8.488562    13     -0.537664    14     -0.537664     2      3.054458
   8     -8.488562     7     -8.488562    14     -0.537664    13     -0.537664     2     -3.054458
   9     -0.565164    10     -0.565164     1    -31.530350     2    -31.530350     2      2.895260
   9     -0.565164    10     -0.565164     2    -31.530350     1    -31.530350     2     -2.895260
   9     -0.565164    10     -0.565164     3    -15.713319     4    -15.713319     2     -4.217558
   9     -0.565164    10     -0.565164     4    -15.713319     3    -15.713319     2      4.217558
   9     -0.565164    10     -0.565164     5    -15.696588     6    -15.696588     2     -2.353281
   9     -0.565164    10     -0.565164     6    -15.696588     5    -15.696588     2      2.353281
   9     -0.565164    10     -0.565164     7     -8.488562     8     -8.488562     2     -3.056352
   9     -0.565164    10     -0.565164     8     -8.488562     7     -8.488562     2      3.056352
   9     -0.565164    10     -0.565164     9     -0.565164    10     -0.565164     2      3.750213
   9     -0.565164    10     -0.565164    10     -0.565164     9     -0.565164     2     -3.750213
   9     -0.565164    10     -0.565164    11     -0.555927    12     -0.555927     2     -2.251664
   9     -0.565164    10     -0.565164    12     -0.555927    11     -0.555927     2      2.251664
   9     -0.565164    10     -0.565164    13     -0.537664    14     -0.537664     2      1.877183
   9     -0.565164    10     -0.565164    14     -0.537664    13     -0.537664     2     -1.877183
  10     -0.565164     9     -0.565164     1    -31.530350     2    -31.530350     2     -2.895260
  10     -0.565164     9     -0.565164     2    -31.530350     1    -31.530350     2      2.895260
  10     -0.565164     9     -0.565164     3    -15.713319     4    -15.713319     2      4.217558
  10     -0.565164     9     -0.565164     4    -15.713319     3    -15.713319     2     -4.217558
  10     -0.565164     9     -0.565164     5    -15.696588     6    -15.696588     2      2.353281
  10     -0.565164     9     -0.565164     6    -15.696588     5    -15.696588     2     -2.353281
  10     -0.565164     9     -0.565164     7     -8.488562     8     -8.488562     2      3.056352
  10     -0.565164     9     -0.565164     8     -8.488562     7     -8.488562     2     -3.056352
  10     -0.565164     9     -0.565164     9     -0.565164    10     -0.565164     2     -3.750213
  10     -0.565164     9     -0.565164    10     -0.565164     9     -0.565164     2      3.750213
  10     -0.565164     9     -0.565164    11     -0.555927    12     -0.555927     2      2.251664
  10     -0.565164     9     -0.565164    12     -0.555927    11     -0.555927     2     -2.251664
  10     -0.565164     9     -0.565164    13     -0.537664    14     -0.537664     2     -1.877183
  10     -0.565164     9     -0.565164    14     -0.537664    13     -0.537664     2      1.877183
  11     -0.555927    12     -0.555927     1    -31.530350     2    -31.530350     2     -2.886192
  11     -0.555927    12     -0.555927     2    -31.530350     1    -31.530350     2      2.886192
  11     -0.555927    12     -0.555927     3    -15.713319     4    -15.713319     2      3.089168
  11     -0.555927    12     -0.555927     4    -15.713319     3    -15.713319     2     -3.089168
  11     -0.555927    12     -0.555927     5    -15.696588     6    -15.696588     2      3.463005
  11     -0.555927    12     -0.555927     6    -15.696588     5    -15.696588     2     -3.463005
  11     -0.555927    12     -0.555927     7     -8.488562     8     -8.488562     2      3.058785
  11     -0.555927    12     -0.555927     8     -8.488562     7     -8.488562     2     -3.058785
  11     -0.555927    12     -0.555927     9     -0.565164    10     -0.565164     2     -2.251664
  11     -0.555927    12     -0.555927    10     -0.565164     9     -0.565164     2      2.251664
  11     -0.555927    12     -0.555927    11     -0.555927    12     -0.555927     2      3.144425
  11     -0.555927    12     -0.555927    12     -0.555927    11     -0.555927     2     -3.144425
  11     -0.555927    12     -0.555927    13     -0.537664    14     -0.537664     2     -2.471341
  11     -0.555927    12     -0.555927    14     -0.537664    13     -0.537664     2      2.471341
  12     -0.555927    11     -0.555927     1    -31.530350     2    -31.530350     2      2.886192
  12     -0.555927    11     -0.555927     2    -31.530350     1    -31.530350     2     -2.886192
  12     -0.555927    11     -0.555927     3    -15.713319     4    -15.713319     2     -3.089168
  12     -0.555927    11     -0.555927     4    -15.713319     3    -15.713319     2      3.089168
  12     -0.555927    11     -0.555927     5    -15.696588     6    -15.696588     2     -3.463005
  12     -0.555927    11     -0.555927     6    -15.696588     5    -15.696588     2      3.463005
  12     -0.555927    11     -0.555927     7     -8.488562     8     -8.488562     2     -3.058785
  12     -0.555927    11     -0.555927     8     -8.488562     7     -8.488562     2      3.058785
  12     -0.555927    11     -0.555927     9     -0.565164    10     -0.565164     2      2.251664
  12     -0.555927    11     -0.555927    10     -0.565164     9     -0.565164     2     -2.251664
  12     -0.555927    11     -0.555927    11     -0.555927    12     -0.555927     2     -3.144425
  12     -0.555927    11     -0.555927    12     -0.555927    11     -0.555927     2      3.144425
  12     -0.555927    11     -0.555927    13     -0.537664    14     -0.537664     2      2.471341
  12     -0.555927    11     -0.555927    14     -0.537664    13     -0.537664     2     -2.471341
  13     -0.537664    14     -0.537664     1    -31.530350     2    -31.530350     2      2.877310
  13     -0.537664    14     -0.537664     2    -31.530350     1    -31.530350     2     -2.877310
  13     -0.537664    14     -0.537664     3    -15.713319     4    -15.713319     2     -2.520561
  13     -0.537664    14     -0.537664     4    -15.713319     3    -15.713319     2      2.520561
  13     -0.537664    14     -0.537664     5    -15.696588     6    -15.696588     2     -4.008688
  13     -0.537664    14     -0.537664     6    -15.696588     5    -15.696588     2      4.008688
  13     -0.537664    14     -0.537664     7     -8.488562     8     -8.488562     2     -3.054458
  13     -0.537664    14     -0.537664     8     -8.488562     7     -8.488562     2      3.054458
  13     -0.537664    14     -0.537664     9     -0.565164    10     -0.565164     2      1.877183
  13     -0.537664    14     -0.537664    10     -0.565164     9     -0.565164     2     -1.877183
  13     -0.537664    14     -0.537664    11     -0.555927    12     -0.555927     2     -2.471341
  13     -0.537664    14     -0.537664    12     -0.555927    11     -0.555927     2      2.471341
  13     -0.537664    14     -0.537664    13     -0.537664    14     -0.537664     2      3.500913
  13     -0.537664    14     -0.537664    14     -0.537664    13     -0.537664     2     -3.500913
  14     -0.537664    13     -0.537664     1    -31.530350     2    -31.530350     2     -2.877310
  14     -0.537664    13     -0.537664     2    -31.530350     1    -31.530350     2      2.877310
  14     -0.537664    13     -0.537664     3    -15.713319     4    -15.713319     2      2.520561
  14     -0.537664    13     -0.537664     4    -15.713319     3    -15.713319     2     -2.520561
  14     -0.537664    13     -0.537664     5    -15.696588     6    -15.696588     2      4.008688
  14     -0.537664    13     -0.537664     6    -15.696588     5    -15.696588     2     -4.008688
  14     -0.537664    13     -0.537664     7     -8.488562     8     -8.488562     2      3.054458
  14     -0.537664    13     -0.537664     8     -8.488562     7     -8.488562     2     -3.054458
  14     -0.537664    13     -0.537664     9     -0.565164    10     -0.565164     2     -1.877183
  14     -0.537664    13     -0.537664    10     -0.565164     9     -0.565164     2      1.877183
  14     -0.537664    13     -0.537664    11     -0.555927    12     -0.555927     2      2.471341
  14     -0.537664    13     -0.537664    12     -0.555927    11     -0.555927     2     -2.471341
  14     -0.537664    13     -0.537664    13     -0.537664    14     -0.537664     2     -3.500913
  14     -0.537664    13     -0.537664    14     -0.537664    13     -0.537664     2      3.500913
