Be-10

   1  1    -26.459202     1  1    -26.459202      1.000000
   2  1    -26.459202     2  1    -26.459202      1.000000
   3  1    -11.011964     3  1    -11.011964      1.000000
   4  1    -11.011964     4  1    -11.011964      1.000000
   5  1    -10.996531     5  1    -10.996531      1.000000
   6  1    -10.996531     6  1    -10.996531      1.000000
   7  1     -3.941574     7  1     -3.941574      1.000000
   8  1     -3.941574     8  1     -3.941574      1.000000
   1  1    -26.459202     1  2    -31.530350      0.999428
   2  1    -26.459202     2  2    -31.530350      0.999428
   3  1    -11.011964     3  2    -15.713319      0.998132
   4  1    -11.011964     4  2    -15.713319      0.998132
   5  1    -10.996531     6  2    -15.696588      0.998130
   5  1    -10.996531     8  2     -8.488562      0.000146
   6  1    -10.996531     5  2    -15.696588      0.998130
   6  1    -10.996531     7  2     -8.488562      0.000146
   7  1     -3.941574     8  2     -8.488562      0.989428
   8  1     -3.941574     7  2     -8.488562      0.989428
   1  2    -31.530350     1  1    -26.459202      0.999428
   2  2    -31.530350     2  1    -26.459202      0.999428
   3  2    -15.713319     3  1    -11.011964      0.998132
   4  2    -15.713319     4  1    -11.011964      0.998132
   5  2    -15.696588     6  1    -10.996531      0.998130
   6  2    -15.696588     5  1    -10.996531      0.998130
   7  2     -8.488562     6  1    -10.996531      0.000146
   7  2     -8.488562     8  1     -3.941574      0.989428
   8  2     -8.488562     5  1    -10.996531      0.000146
   8  2     -8.488562     7  1     -3.941574      0.989428
   1  2    -31.530350     1  2    -31.530350      1.000000
   2  2    -31.530350     2  2    -31.530350      1.000000
   3  2    -15.713319     3  2    -15.713319      1.000000
   4  2    -15.713319     4  2    -15.713319      1.000000
   5  2    -15.696588     5  2    -15.696588      1.000000
   6  2    -15.696588     6  2    -15.696588      1.000000
   7  2     -8.488562     7  2     -8.488562      1.000000
   8  2     -8.488562     8  2     -8.488562      1.000000
   9  2     -0.565164     9  2     -0.565164      1.000000
  10  2     -0.565164    10  2     -0.565164      1.000000
  11  2     -0.555927    11  2     -0.555927      1.000000
  12  2     -0.555927    12  2     -0.555927      1.000000
  13  2     -0.537664    13  2     -0.537664      1.000000
  14  2     -0.537664    14  2     -0.537664      1.000000