   1    1    1  -0.125964395665E+02
   1    1    4  -0.580448301605E+01
   1    1    5  -0.583811740266E+01
   1    1    7  -0.424513509496E+01
   1    4    4  -0.561033640222E+01
   1    4    5  -0.376095219964E+01
   1    4    7  -0.374337498477E+01
   1    5    5  -0.560017468568E+01
   1    5    7  -0.375891032975E+01
   1    7    7  -0.311497186634E+01
   2    1    1  -0.119595642737E+02
   2    1    4  -0.619235247858E+01
   2    1    5  -0.622897982510E+01
   2    4    4  -0.616374706595E+01
   2    4    5  -0.413469816947E+01
   2    5    5  -0.615546350170E+01
   1    1    1  -0.125964394485E+02
   1    1    4  -0.580448300182E+01
   1    1    5  -0.583811739895E+01
   1    1    8  -0.424513515283E+01
   1    4    4  -0.561033636657E+01
   1    4    5  -0.376095217546E+01
   1    4    8  -0.374337502352E+01
   1    5    5  -0.560017474792E+01
   1    5    8  -0.375891034376E+01
   1    8    8  -0.311497190102E+01
   2    1    1  -0.119595642106E+02
   2    1    3  -0.619235252896E+01
   2    1    5  -0.622897975786E+01
   2    3    3  -0.616374712116E+01
   2    3    5  -0.413469822745E+01
   2    5    5  -0.615546330001E+01
   1    2    2  -0.125964395075E+02
   1    2    3  -0.580448300894E+01
   1    2    5  -0.583811740081E+01
   1    2    7  -0.424513512389E+01
   1    3    3  -0.561033638439E+01
   1    3    5  -0.376095218755E+01
   1    3    7  -0.374337500414E+01
   1    5    5  -0.560017471680E+01
   1    5    7  -0.375891033675E+01
   1    7    7  -0.311497188368E+01
   2    2    2  -0.119595642422E+02
   2    2    3  -0.619235250377E+01
   2    2    5  -0.622897979148E+01
   2    3    3  -0.616374709355E+01
   2    3    5  -0.413469819846E+01
   2    5    5  -0.615546340085E+01
   1    1    1  -0.125964395013E+02
   1    1    4  -0.580448298682E+01
   1    1    6  -0.583811736463E+01
   1    1    8  -0.424513509162E+01
   1    4    4  -0.561033636713E+01
   1    4    6  -0.376095217267E+01
   1    4    8  -0.374337496600E+01
   1    6    6  -0.560017466408E+01
   1    6    8  -0.375891032218E+01
   1    8    8  -0.311497185845E+01
   2    2    2  -0.119595642248E+02
   2    2    3  -0.619235247926E+01
   2    2    6  -0.622897977911E+01
   2    3    3  -0.616374706130E+01
   2    3    6  -0.413469813186E+01
   2    6    6  -0.615546349038E+01
