V0 (1) = 800.000
   1    -26.450695     2    -26.450695     1    -26.450695     2    -26.450695     1     12.812090
   1    -26.450695     2    -26.450695     2    -26.450695     1    -26.450695     1    -12.812090
   1    -26.450695     2    -26.450695     3    -11.208289     4    -11.208289     1     -5.931653
   1    -26.450695     2    -26.450695     4    -11.208289     3    -11.208289     1      5.931653
   1    -26.450695     2    -26.450695     5    -10.999193     6    -10.999193     1     -6.370992
   1    -26.450695     2    -26.450695     6    -10.999193     5    -10.999193     1      6.370992
   1    -26.450695     2    -26.450695     7     -3.990743     8     -3.990743     1     -4.333856
   1    -26.450695     2    -26.450695     8     -3.990743     7     -3.990743     1      4.333856
   2    -26.450695     1    -26.450695     1    -26.450695     2    -26.450695     1    -12.812090
   2    -26.450695     1    -26.450695     2    -26.450695     1    -26.450695     1     12.812090
   2    -26.450695     1    -26.450695     3    -11.208289     4    -11.208289     1      5.931653
   2    -26.450695     1    -26.450695     4    -11.208289     3    -11.208289     1     -5.931653
   2    -26.450695     1    -26.450695     5    -10.999193     6    -10.999193     1      6.370992
   2    -26.450695     1    -26.450695     6    -10.999193     5    -10.999193     1     -6.370992
   2    -26.450695     1    -26.450695     7     -3.990743     8     -3.990743     1      4.333856
   2    -26.450695     1    -26.450695     8     -3.990743     7     -3.990743     1     -4.333856
   3    -11.208289     4    -11.208289     1    -26.450695     2    -26.450695     1     -5.931653
   3    -11.208289     4    -11.208289     2    -26.450695     1    -26.450695     1      5.931653
   3    -11.208289     4    -11.208289     3    -11.208289     4    -11.208289     1      6.247572
   3    -11.208289     4    -11.208289     4    -11.208289     3    -11.208289     1     -6.247572
   3    -11.208289     4    -11.208289     5    -10.999193     6    -10.999193     1      3.805340
   3    -11.208289     4    -11.208289     6    -10.999193     5    -10.999193     1     -3.805340
   3    -11.208289     4    -11.208289     7     -3.990743     8     -3.990743     1      3.630822
   3    -11.208289     4    -11.208289     8     -3.990743     7     -3.990743     1     -3.630822
   4    -11.208289     3    -11.208289     1    -26.450695     2    -26.450695     1      5.931653
   4    -11.208289     3    -11.208289     2    -26.450695     1    -26.450695     1     -5.931653
   4    -11.208289     3    -11.208289     3    -11.208289     4    -11.208289     1     -6.247572
   4    -11.208289     3    -11.208289     4    -11.208289     3    -11.208289     1      6.247572
   4    -11.208289     3    -11.208289     5    -10.999193     6    -10.999193     1     -3.805340
   4    -11.208289     3    -11.208289     6    -10.999193     5    -10.999193     1      3.805340
   4    -11.208289     3    -11.208289     7     -3.990743     8     -3.990743     1     -3.630822
   4    -11.208289     3    -11.208289     8     -3.990743     7     -3.990743     1      3.630822
   5    -10.999193     6    -10.999193     1    -26.450695     2    -26.450695     1     -6.370992
   5    -10.999193     6    -10.999193     2    -26.450695     1    -26.450695     1      6.370992
   5    -10.999193     6    -10.999193     3    -11.208289     4    -11.208289     1      3.805340
   5    -10.999193     6    -10.999193     4    -11.208289     3    -11.208289     1     -3.805340
   5    -10.999193     6    -10.999193     5    -10.999193     6    -10.999193     1      6.120763
   5    -10.999193     6    -10.999193     6    -10.999193     5    -10.999193     1     -6.120763
   5    -10.999193     6    -10.999193     7     -3.990743     8     -3.990743     1      4.122092
   5    -10.999193     6    -10.999193     8     -3.990743     7     -3.990743     1     -4.122092
   6    -10.999193     5    -10.999193     1    -26.450695     2    -26.450695     1      6.370992
   6    -10.999193     5    -10.999193     2    -26.450695     1    -26.450695     1     -6.370992
   6    -10.999193     5    -10.999193     3    -11.208289     4    -11.208289     1     -3.805340
   6    -10.999193     5    -10.999193     4    -11.208289     3    -11.208289     1      3.805340
   6    -10.999193     5    -10.999193     5    -10.999193     6    -10.999193     1     -6.120763
   6    -10.999193     5    -10.999193     6    -10.999193     5    -10.999193     1      6.120763
   6    -10.999193     5    -10.999193     7     -3.990743     8     -3.990743     1     -4.122092
   6    -10.999193     5    -10.999193     8     -3.990743     7     -3.990743     1      4.122092
   7     -3.990743     8     -3.990743     1    -26.450695     2    -26.450695     1     -4.333856
   7     -3.990743     8     -3.990743     2    -26.450695     1    -26.450695     1      4.333856
   7     -3.990743     8     -3.990743     3    -11.208289     4    -11.208289     1      3.630822
   7     -3.990743     8     -3.990743     4    -11.208289     3    -11.208289     1     -3.630822
   7     -3.990743     8     -3.990743     5    -10.999193     6    -10.999193     1      4.122092
   7     -3.990743     8     -3.990743     6    -10.999193     5    -10.999193     1     -4.122092
   7     -3.990743     8     -3.990743     7     -3.990743     8     -3.990743     1      3.220833
   7     -3.990743     8     -3.990743     8     -3.990743     7     -3.990743     1     -3.220833
   8     -3.990743     7     -3.990743     1    -26.450695     2    -26.450695     1      4.333856
   8     -3.990743     7     -3.990743     2    -26.450695     1    -26.450695     1     -4.333856
   8     -3.990743     7     -3.990743     3    -11.208289     4    -11.208289     1     -3.630822
   8     -3.990743     7     -3.990743     4    -11.208289     3    -11.208289     1      3.630822
   8     -3.990743     7     -3.990743     5    -10.999193     6    -10.999193     1     -4.122092
   8     -3.990743     7     -3.990743     6    -10.999193     5    -10.999193     1      4.122092
   8     -3.990743     7     -3.990743     7     -3.990743     8     -3.990743     1     -3.220833
   8     -3.990743     7     -3.990743     8     -3.990743     7     -3.990743     1      3.220833
V0 (2) = 800.000
   1    -28.156460     2    -28.156460     1    -28.156460     2    -28.156460     2     12.186282
   1    -28.156460     2    -28.156460     2    -28.156460     1    -28.156460     2    -12.186282
   1    -28.156460     2    -28.156460     3    -13.164043     4    -13.164043     2     -6.191589
   1    -28.156460     2    -28.156460     4    -13.164043     3    -13.164043     2      6.191589
   1    -28.156460     2    -28.156460     5    -12.234257     6    -12.234257     2     -6.409565
   1    -28.156460     2    -28.156460     6    -12.234257     5    -12.234257     2      6.409565
   1    -28.156460     2    -28.156460     7     -5.396305     8     -5.396305     2     -4.774357
   1    -28.156460     2    -28.156460     8     -5.396305     7     -5.396305     2      4.774357
   2    -28.156460     1    -28.156460     1    -28.156460     2    -28.156460     2    -12.186282
   2    -28.156460     1    -28.156460     2    -28.156460     1    -28.156460     2     12.186282
   2    -28.156460     1    -28.156460     3    -13.164043     4    -13.164043     2      6.191589
   2    -28.156460     1    -28.156460     4    -13.164043     3    -13.164043     2     -6.191589
   2    -28.156460     1    -28.156460     5    -12.234257     6    -12.234257     2      6.409565
   2    -28.156460     1    -28.156460     6    -12.234257     5    -12.234257     2     -6.409565
   2    -28.156460     1    -28.156460     7     -5.396305     8     -5.396305     2      4.774357
   2    -28.156460     1    -28.156460     8     -5.396305     7     -5.396305     2     -4.774357
   3    -13.164043     4    -13.164043     1    -28.156460     2    -28.156460     2     -6.191589
   3    -13.164043     4    -13.164043     2    -28.156460     1    -28.156460     2      6.191589
   3    -13.164043     4    -13.164043     3    -13.164043     4    -13.164043     2      6.976495
   3    -13.164043     4    -13.164043     4    -13.164043     3    -13.164043     2     -6.976495
   3    -13.164043     4    -13.164043     5    -12.234257     6    -12.234257     2      3.842865
   3    -13.164043     4    -13.164043     6    -12.234257     5    -12.234257     2     -3.842865
   3    -13.164043     4    -13.164043     7     -5.396305     8     -5.396305     2      3.887218
   3    -13.164043     4    -13.164043     8     -5.396305     7     -5.396305     2     -3.887218
   4    -13.164043     3    -13.164043     1    -28.156460     2    -28.156460     2      6.191589
   4    -13.164043     3    -13.164043     2    -28.156460     1    -28.156460     2     -6.191589
   4    -13.164043     3    -13.164043     3    -13.164043     4    -13.164043     2     -6.976495
   4    -13.164043     3    -13.164043     4    -13.164043     3    -13.164043     2      6.976495
   4    -13.164043     3    -13.164043     5    -12.234257     6    -12.234257     2     -3.842865
   4    -13.164043     3    -13.164043     6    -12.234257     5    -12.234257     2      3.842865
   4    -13.164043     3    -13.164043     7     -5.396305     8     -5.396305     2     -3.887218
   4    -13.164043     3    -13.164043     8     -5.396305     7     -5.396305     2      3.887218
   5    -12.234257     6    -12.234257     1    -28.156460     2    -28.156460     2     -6.409565
   5    -12.234257     6    -12.234257     2    -28.156460     1    -28.156460     2      6.409565
   5    -12.234257     6    -12.234257     3    -13.164043     4    -13.164043     2      3.842865
   5    -12.234257     6    -12.234257     4    -13.164043     3    -13.164043     2     -3.842865
   5    -12.234257     6    -12.234257     5    -12.234257     6    -12.234257     2      6.288330
   5    -12.234257     6    -12.234257     6    -12.234257     5    -12.234257     2     -6.288330
   5    -12.234257     6    -12.234257     7     -5.396305     8     -5.396305     2      4.619404
   5    -12.234257     6    -12.234257     8     -5.396305     7     -5.396305     2     -4.619404
   6    -12.234257     5    -12.234257     1    -28.156460     2    -28.156460     2      6.409565
   6    -12.234257     5    -12.234257     2    -28.156460     1    -28.156460     2     -6.409565
   6    -12.234257     5    -12.234257     3    -13.164043     4    -13.164043     2     -3.842865
   6    -12.234257     5    -12.234257     4    -13.164043     3    -13.164043     2      3.842865
   6    -12.234257     5    -12.234257     5    -12.234257     6    -12.234257     2     -6.288330
   6    -12.234257     5    -12.234257     6    -12.234257     5    -12.234257     2      6.288330
   6    -12.234257     5    -12.234257     7     -5.396305     8     -5.396305     2     -4.619404
   6    -12.234257     5    -12.234257     8     -5.396305     7     -5.396305     2      4.619404
   7     -5.396305     8     -5.396305     1    -28.156460     2    -28.156460     2     -4.774357
   7     -5.396305     8     -5.396305     2    -28.156460     1    -28.156460     2      4.774357
   7     -5.396305     8     -5.396305     3    -13.164043     4    -13.164043     2      3.887218
   7     -5.396305     8     -5.396305     4    -13.164043     3    -13.164043     2     -3.887218
   7     -5.396305     8     -5.396305     5    -12.234257     6    -12.234257     2      4.619404
   7     -5.396305     8     -5.396305     6    -12.234257     5    -12.234257     2     -4.619404
   7     -5.396305     8     -5.396305     7     -5.396305     8     -5.396305     2      3.767092
   7     -5.396305     8     -5.396305     8     -5.396305     7     -5.396305     2     -3.767092
   8     -5.396305     7     -5.396305     1    -28.156460     2    -28.156460     2      4.774357
   8     -5.396305     7     -5.396305     2    -28.156460     1    -28.156460     2     -4.774357
   8     -5.396305     7     -5.396305     3    -13.164043     4    -13.164043     2     -3.887218
   8     -5.396305     7     -5.396305     4    -13.164043     3    -13.164043     2      3.887218
   8     -5.396305     7     -5.396305     5    -12.234257     6    -12.234257     2     -4.619404
   8     -5.396305     7     -5.396305     6    -12.234257     5    -12.234257     2      4.619404
   8     -5.396305     7     -5.396305     7     -5.396305     8     -5.396305     2     -3.767092
   8     -5.396305     7     -5.396305     8     -5.396305     7     -5.396305     2      3.767092