   1  1    -26.450695     1  1    -26.450695      1.000000
   2  1    -26.450695     2  1    -26.450695      1.000000
   3  1    -11.208289     3  1    -11.208289      1.000000
   4  1    -11.208289     4  1    -11.208289      1.000000
   5  1    -10.999193     5  1    -10.999193      1.000000
   6  1    -10.999193     6  1    -10.999193      1.000000
   7  1     -3.990743     7  1     -3.990743      1.000000
   8  1     -3.990743     8  1     -3.990743      1.000000
   1  1    -26.450695     2  2    -28.156460      0.999657
   2  1    -26.450695     1  2    -28.156460      0.999657
   3  1    -11.208289     4  2    -13.164043      0.998194
   4  1    -11.208289     3  2    -13.164043      0.998194
   5  1    -10.999193     6  2    -12.234257      0.999594
   6  1    -10.999193     5  2    -12.234257      0.999594
   7  1     -3.990743     4  2    -13.164043      0.045887
   7  1     -3.990743     8  2     -5.396305      0.995802
   8  1     -3.990743     3  2    -13.164043      0.045887
   8  1     -3.990743     7  2     -5.396305      0.995802
   1  2    -28.156460     2  1    -26.450695      0.999657
   2  2    -28.156460     1  1    -26.450695      0.999657
   3  2    -13.164043     4  1    -11.208289      0.998194
   3  2    -13.164043     8  1     -3.990743      0.045887
   4  2    -13.164043     3  1    -11.208289      0.998194
   4  2    -13.164043     7  1     -3.990743      0.045887
   5  2    -12.234257     6  1    -10.999193      0.999594
   6  2    -12.234257     5  1    -10.999193      0.999594
   7  2     -5.396305     8  1     -3.990743      0.995802
   8  2     -5.396305     7  1     -3.990743      0.995802
   1  2    -28.156460     1  2    -28.156460      1.000000
   2  2    -28.156460     2  2    -28.156460      1.000000
   3  2    -13.164043     3  2    -13.164043      1.000000
   4  2    -13.164043     4  2    -13.164043      1.000000
   5  2    -12.234257     5  2    -12.234257      1.000000
   6  2    -12.234257     6  2    -12.234257      1.000000
   7  2     -5.396305     7  2     -5.396305      1.000000
   8  2     -5.396305     8  2     -5.396305      1.000000