isospin iHF jHF   Vpair(iHF,jHF)
   1    1    1  -0.127965099360E+02
   1    1    3  -0.656479411484E+01
   1    1    6  -0.652659079615E+01
   1    3    3  -0.638495347166E+01
   1    3    6  -0.424179164659E+01
   1    6    6  -0.635145356218E+01
   2    2    2  -0.125960201457E+02
   2    2    4  -0.645170425496E+01
   2    2    5  -0.641426709645E+01
   2    4    4  -0.625497091760E+01
   2    4    5  -0.415516841920E+01
   2    5    5  -0.622175635867E+01
   1    1    1  -0.127965096665E+02
   1    1    3  -0.656479424764E+01
   1    1    6  -0.652659042979E+01
   1    3    3  -0.638495413694E+01
   1    3    6  -0.424179130127E+01
   1    6    6  -0.635145325483E+01
   2    2    2  -0.125960201809E+02
   2    2    3  -0.645170406824E+01
   2    2    5  -0.641426733245E+01
   2    3    3  -0.625497025663E+01
   2    3    5  -0.415516869145E+01
   2    5    5  -0.622175655613E+01
   1    1    1  -0.127965098013E+02
   1    1    3  -0.656479418124E+01
   1    1    6  -0.652659061297E+01
   1    3    3  -0.638495380430E+01
   1    3    6  -0.424179147393E+01
   1    6    6  -0.635145340850E+01
   2    1    1  -0.125960201633E+02
   2    1    3  -0.645170416160E+01
   2    1    5  -0.641426721445E+01
   2    3    3  -0.625497058711E+01
   2    3    5  -0.415516855532E+01
   2    5    5  -0.622175645740E+01
   1    2    2  -0.127965097591E+02
   1    2    3  -0.656479412807E+01
   1    2    6  -0.652659055528E+01
   1    3    3  -0.638495376598E+01
   1    3    6  -0.424179143697E+01
   1    6    6  -0.635145334161E+01
   2    1    1  -0.125960203258E+02
   2    1    4  -0.645170427392E+01
   2    1    6  -0.641426722661E+01
   2    4    4  -0.625497085049E+01
   2    4    6  -0.415516849107E+01
   2    6    6  -0.622175648098E+01
