   1    1    1  -0.129418813047E+02
   1    1    3  -0.639249376841E+01
   1    1    6  -0.635637745209E+01
   1    1    7  -0.458378712850E+01
   1    3    3  -0.616694348137E+01
   1    3    6  -0.410378612516E+01
   1    3    7  -0.407015475180E+01
   1    6    6  -0.614211698816E+01
   1    6    7  -0.407659499672E+01
   1    7    7  -0.337428618596E+01
   2    1    1  -0.127428794761E+02
   2    1    3  -0.628361681031E+01
   2    1    5  -0.624824676449E+01
   2    1    7  -0.444266111913E+01
   2    3    3  -0.604268687571E+01
   2    3    5  -0.402105837923E+01
   2    3    7  -0.393955209050E+01
   2    5    5  -0.601823389619E+01
   2    5    7  -0.394572274473E+01
   2    7    7  -0.323328698343E+01
   1    1    1  -0.129418813005E+02
   1    1    3  -0.639249364024E+01
   1    1    6  -0.635637742738E+01
   1    1    7  -0.458378710252E+01
   1    3    3  -0.616694323023E+01
   1    3    6  -0.410378613898E+01
   1    3    7  -0.407015475598E+01
   1    6    6  -0.614211692164E+01
   1    6    7  -0.407659493029E+01
   1    7    7  -0.337428617640E+01
   2    1    1  -0.127428794097E+02
   2    1    3  -0.628361693035E+01
   2    1    6  -0.624824660002E+01
   2    1    7  -0.444266112010E+01
   2    3    3  -0.604268723270E+01
   2    3    6  -0.402105823494E+01
   2    3    7  -0.393955203538E+01
   2    6    6  -0.601823375824E+01
   2    6    7  -0.394572278075E+01
   2    7    7  -0.323328697630E+01
   1    2    2  -0.129418813026E+02
   1    2    4  -0.639249370433E+01
   1    2    5  -0.635637743973E+01
   1    2    8  -0.458378711551E+01
   1    4    4  -0.616694335580E+01
   1    4    5  -0.410378613207E+01
   1    4    8  -0.407015475389E+01
   1    5    5  -0.614211695490E+01
   1    5    8  -0.407659496350E+01
   1    8    8  -0.337428618118E+01
   2    2    2  -0.127428794429E+02
   2    2    4  -0.628361687033E+01
   2    2    5  -0.624824668225E+01
   2    2    7  -0.444266111962E+01
   2    4    4  -0.604268705421E+01
   2    4    5  -0.402105830708E+01
   2    4    7  -0.393955206294E+01
   2    5    5  -0.601823382721E+01
   2    5    7  -0.394572276274E+01
   2    7    7  -0.323328697987E+01
   1    1    1  -0.129418813187E+02
   1    1    3  -0.639249371268E+01
   1    1    6  -0.635637745620E+01
   1    1    7  -0.458378714588E+01
   1    3    3  -0.616694338196E+01
   1    3    6  -0.410378612760E+01
   1    3    7  -0.407015475398E+01
   1    6    6  -0.614211695058E+01
   1    6    7  -0.407659499177E+01
   1    7    7  -0.337428619862E+01
   2    1    1  -0.127428794190E+02
   2    1    3  -0.628361683930E+01
   2    1    6  -0.624824660869E+01
   2    1    7  -0.444266107490E+01
   2    3    3  -0.604268705612E+01
   2    3    6  -0.402105824541E+01
   2    3    7  -0.393955200512E+01
   2    6    6  -0.601823374855E+01
   2    6    7  -0.394572271963E+01
   2    7    7  -0.323328692826E+01
